1022
10
10169900
101699
0 1 1 49 63 13 (D 0,1,1) (S 61,1,2) (S 1,2,2) (S 50,2,3) (S 2,3,3) (S 44,9,4) (S 3,4,4) (S 47,3,2) (S 63,2,1) (S 27,1,31) (S 57,31,5) (S 4,5,5) (D 0,1,1)
0 1 2 47 63 7 (D 0,1,1) (S 43,5,6) (S 5,6,6) (S 6,7,7) (S 52,7,8) (S 7,8,8) (D 0,1,1)
0 1 3 49 81 10 (D 0,1,1) (S 29,8,12) (S 8,12,12) (S 49,12,11) (S 30,11,10) (S 45,10,14) (S 9,14,14) (S 10,15,15) (S 11,16,16) (D 0,1,1)
0 1 4 47 98 8 (D 0,1,1) (S 56,12,18) (S 12,18,18) (S 13,19,19) (S 51,18,12) (S 42,11,6) (S 32,31,29) (D 0,1,1)
0 1 5 49 57 8 (D 0,1,1) (S 16,27,27) (S 24,27,24) (S 21,24,23) (S 25,23,25) (S 14,25,25) (S 41,28,26) (D 0,1,1)
0 1 6 48 76 7 (D 0,1,1) (S 15,26,26) (S 64,29,30) (S 17,30,30) (S 33,9,13) (S 18,13,19) (D 0,1,1)
0 1 7 49 168 7 (D 0,1,1) (S 19,21,22) (S 53,21,18) (S 26,13,4) (S 20,3,4) (S 22,20,22) (D 0,1,1)
0 1 8 45 174 9 (D 0,1,1) (S 23,19,21) (S 28,28,31) (S 31,6,31) (S 34,5,10) (S 40,6,11) (S 46,11,12) (S 35,19,22) (D 0,1,1)
0 1 9 45 184 10 (D 0,1,1) (S 36,1,30) (S 37,23,26) (S 38,7,6) (S 39,14,10) (S 48,10,5) (S 54,13,12) (S 58,10,16) (S 55,17,16) (D 0,1,1)
0 1 10 23 58 5 (D 0,1,1) (S 59,29,28) (S 60,15,14) (S 62,17,11) (D 0,1,1)
