122
12
1269800
12698
0 1 1 25 2 3 (D 0,1,1) (S 3,4,4) (D 0,1,1)
0 1 2 24 3 3 (D 0,1,1) (S 1,2,2) (D 0,1,1)
0 1 3 27 8 7 (D 0,1,1) (S 9,11,11) (S 10,11,3) (S 2,3,3) (S 4,5,5) (S 36,4,6) (D 0,1,1)
0 1 4 15 5 3 (D 0,1,1) (S 5,6,6) (D 0,1,1)
0 1 5 21 5 4 (D 0,1,1) (S 34,1,9) (S 8,9,9) (D 0,1,1)
0 1 6 14 6 3 (D 0,1,1) (S 6,7,7) (D 0,1,1)
0 1 7 21 11 4 (D 0,1,1) (S 11,1,8) (S 7,8,8) (D 0,1,1)
0 1 8 21 9 5 (D 0,1,1) (S 12,2,3) (S 13,2,5) (S 14,4,10) (D 0,1,1)
0 1 9 25 18 6 (D 0,1,1) (S 15,8,10) (S 16,5,6) (S 17,1,2) (S 18,3,4) (D 0,1,1)
0 1 10 27 17 8 (D 0,1,1) (S 31,4,5) (S 19,5,8) (S 20,6,7) (S 21,7,11) (S 22,3,7) (S 23,1,5) (D 0,1,1)
0 1 11 27 21 9 (D 0,1,1) (S 24,1,6) (S 25,1,10) (S 26,3,8) (S 29,3,6) (S 27,6,11) (S 28,10,11) (S 30,5,10) (D 0,1,1)
0 1 12 19 17 8 (D 0,1,1) (S 32,5,9) (S 33,6,9) (S 35,1,7) (S 37,1,3) (S 38,4,9) (S 39,7,10) (D 0,1,1)
