1106
10
9044800
90448
0 1 1 60 36 7 (D 0,1,1) (S 22,1,2) (S 1,2,2) (S 47,2,9) (S 6,9,9) (S 5,8,8) (D 0,1,1)
0 1 2 61 72 10 (D 0,1,1) (S 25,8,7) (S 4,7,7) (S 59,7,4) (S 2,4,4) (S 3,5,5) (S 36,8,13) (S 8,12,12) (S 62,12,11) (D 0,1,1)
0 1 3 54 68 6 (D 0,1,1) (S 7,11,11) (S 40,11,16) (S 11,16,16) (S 39,17,14) (D 0,1,1)
0 1 4 61 74 7 (D 0,1,1) (S 44,8,14) (S 9,14,14) (S 35,14,15) (S 10,15,15) (S 30,15,19) (D 0,1,1)
0 1 5 64 110 7 (D 0,1,1) (S 64,9,15) (S 12,18,18) (S 31,18,17) (S 14,21,21) (S 13,20,20) (D 0,1,1)
0 1 6 63 109 12 (D 0,1,1) (S 45,14,17) (S 34,17,22) (S 33,22,25) (S 16,25,25) (S 20,30,30) (S 15,23,23) (S 21,30,26) (S 17,26,26) (S 63,30,25) (S 49,25,29) (D 0,1,1)
0 1 7 57 112 9 (D 0,1,1) (S 18,28,28) (S 19,29,29) (S 23,24,28) (S 24,27,28) (S 26,24,27) (S 46,13,8) (S 55,9,10) (D 0,1,1)
0 1 8 61 153 10 (D 0,1,1) (S 27,3,10) (S 28,10,19) (S 51,10,9) (S 29,5,8) (S 32,10,15) (S 53,22,29) (S 37,29,22) (S 38,30,29) (D 0,1,1)
0 1 9 62 249 12 (D 0,1,1) (S 41,17,13) (S 42,7,12) (S 43,6,7) (S 58,6,11) (S 48,22,21) (S 54,18,15) (S 65,9,2) (S 50,3,2) (S 52,13,16) (S 56,11,12) (D 0,1,1)
0 1 10 23 123 5 (D 0,1,1) (S 57,26,18) (S 60,16,11) (S 61,21,29) (D 0,1,1)
