123
7
755700
7557
0 1 1 21 5 5 (D 0,1,1) (S 8,10,10) (S 7,8,8) (S 1,2,2) (D 0,1,1)
0 1 2 22 7 3 (D 0,1,1) (S 2,3,3) (D 0,1,1)
0 1 3 22 22 5 (D 0,1,1) (S 6,7,7) (S 3,4,4) (S 4,5,5) (D 0,1,1)
0 1 4 24 17 5 (D 0,1,1) (S 5,6,6) (S 9,1,9) (S 10,7,11) (D 0,1,1)
0 1 5 20 21 6 (D 0,1,1) (S 11,1,11) (S 12,6,9) (S 18,6,11) (S 13,7,10) (D 0,1,1)
0 1 6 25 34 7 (D 0,1,1) (S 14,2,4) (S 15,1,2) (S 16,2,9) (S 17,4,7) (S 19,9,10) (D 0,1,1)
0 1 7 20 17 7 (D 0,1,1) (S 20,1,8) (S 21,7,9) (S 22,2,8) (S 23,7,8) (S 24,1,5) (D 0,1,1)
