60806
25
46787600
467876
0 1 1 1018 1552 9 (D 0,1,1) (S 24,11,18) (S 34,18,19) (S 35,19,20) (S 90,20,21) (S 91,21,22) (S 40,22,23) (S 42,23,24) (D 0,1,1)
0 1 2 1361 2571 6 (D 0,1,1) (S 1,6,6) (S 17,6,5) (S 16,5,4) (S 26,13,12) (D 0,1,1)
0 1 3 1244 3686 7 (D 0,1,1) (S 32,18,17) (S 2,17,17) (S 3,25,25) (S 92,25,24) (S 27,12,19) (D 0,1,1)
0 1 4 1317 1780 6 (D 0,1,1) (S 52,30,29) (S 4,29,29) (S 54,30,31) (S 5,32,32) (D 0,1,1)
0 1 5 1404 1724 8 (D 0,1,1) (S 38,20,33) (S 6,33,33) (S 59,33,34) (S 61,34,35) (S 7,35,35) (S 63,35,36) (D 0,1,1)
0 1 6 1474 2640 6 (D 0,1,1) (S 48,26,39) (S 8,39,39) (S 73,39,51) (S 83,51,50) (D 0,1,1)
0 1 7 1451 1578 8 (D 0,1,1) (S 55,30,43) (S 79,43,44) (S 80,44,45) (S 9,45,45) (S 81,46,47) (S 96,47,48) (D 0,1,1)
0 1 8 1424 2610 8 (D 0,1,1) (S 41,22,36) (S 65,36,48) (S 82,48,49) (S 97,49,50) (S 10,50,50) (S 98,50,49) (D 0,1,1)
0 1 9 1003 361 5 (D 0,1,1) (S 11,1,10) (S 12,1,11) (S 13,2,3) (D 0,1,1)
0 1 10 1326 2006 5 (D 0,1,1) (S 14,3,4) (S 15,3,12) (S 18,5,14) (D 0,1,1)
0 1 11 1225 4361 7 (D 0,1,1) (S 19,6,7) (S 20,7,25) (S 86,7,8) (S 21,9,16) (S 30,16,15) (D 0,1,1)
0 1 12 1238 859 4 (D 0,1,1) (S 22,10,11) (S 23,10,17) (D 0,1,1)
0 1 13 998 700 4 (D 0,1,1) (S 25,11,19) (S 28,13,20) (D 0,1,1)
0 1 14 980 3599 4 (D 0,1,1) (S 29,14,22) (S 31,16,28) (D 0,1,1)
0 1 15 1403 1250 5 (D 0,1,1) (S 33,17,29) (S 36,19,31) (S 37,20,32) (D 0,1,1)
0 1 16 1209 1552 5 (D 0,1,1) (S 39,21,34) (S 43,23,36) (S 44,24,37) (D 0,1,1)
0 1 17 1326 1746 6 (D 0,1,1) (S 45,24,38) (S 46,25,38) (S 47,26,27) (S 49,27,28) (D 0,1,1)
0 1 18 1250 5670 6 (D 0,1,1) (S 50,27,40) (S 51,28,41) (S 53,29,42) (S 78,42,43) (D 0,1,1)
0 1 19 1461 1223 5 (D 0,1,1) (S 56,31,44) (S 57,32,33) (S 58,32,44) (D 0,1,1)
0 1 20 1428 1724 5 (D 0,1,1) (S 60,33,45) (S 62,34,46) (S 64,36,37) (D 0,1,1)
0 1 21 1444 2208 6 (D 0,1,1) (S 66,36,49) (S 67,37,38) (S 68,37,49) (S 69,38,39) (D 0,1,1)
0 1 22 1296 2885 6 (D 0,1,1) (S 70,38,50) (S 71,38,51) (S 72,39,40) (S 74,40,41) (D 0,1,1)
0 1 23 915 2577 6 (D 0,1,1) (S 75,40,52) (S 76,40,53) (S 77,41,53) (S 85,53,52) (D 0,1,1)
0 1 24 1189 5061 5 (D 0,1,1) (S 84,51,52) (S 87,9,8) (S 88,11,2) (D 0,1,1)
0 1 25 1073 4883 6 (D 0,1,1) (S 89,12,11) (S 93,35,22) (S 94,40,26) (S 95,46,45) (D 0,1,1)
