169
7
883700
8837
0 1 1 27 14 7 (D 0,1,1) (S 9,10,10) (S 7,8,8) (S 1,2,2) (S 12,2,3) (S 2,3,3) (D 0,1,1)
0 1 2 16 22 5 (D 0,1,1) (S 3,4,4) (S 26,2,5) (S 4,5,5) (D 0,1,1)
0 1 3 18 16 6 (D 0,1,1) (S 5,6,6) (S 16,6,11) (S 10,11,7) (S 6,7,7) (D 0,1,1)
0 1 4 27 27 5 (D 0,1,1) (S 8,9,9) (S 11,1,2) (S 13,4,9) (D 0,1,1)
0 1 5 25 34 7 (D 0,1,1) (S 14,5,7) (S 15,1,3) (S 17,7,10) (S 18,1,11) (S 19,1,7) (D 0,1,1)
0 1 6 25 49 8 (D 0,1,1) (S 20,6,7) (S 21,2,8) (S 22,3,10) (S 23,1,8) (S 24,4,7) (S 25,7,8) (D 0,1,1)
0 1 7 16 7 4 (D 0,1,1) (S 27,3,5) (S 28,3,11) (D 0,1,1)
