130
12
1125200
11252
0 1 1 23 2 3 (D 0,1,1) (S 1,2,2) (D 0,1,1)
0 1 2 23 7 5 (D 0,1,1) (S 6,7,7) (S 2,3,3) (S 4,5,5) (D 0,1,1)
0 1 3 10 5 3 (D 0,1,1) (S 5,6,6) (D 0,1,1)
0 1 4 23 5 3 (D 0,1,1) (S 3,4,4) (D 0,1,1)
0 1 5 27 10 5 (D 0,1,1) (S 7,8,8) (S 8,9,9) (S 9,10,10) (D 0,1,1)
0 1 6 24 10 5 (D 0,1,1) (S 10,11,11) (S 11,5,8) (S 12,9,10) (D 0,1,1)
0 1 7 25 19 9 (D 0,1,1) (S 13,10,11) (S 14,1,3) (S 15,2,6) (S 16,3,4) (S 17,7,10) (S 19,4,6) (S 18,6,7) (D 0,1,1)
0 1 8 25 14 6 (D 0,1,1) (S 20,9,11) (S 21,3,9) (S 24,3,7) (S 22,7,9) (D 0,1,1)
0 1 9 27 26 9 (D 0,1,1) (S 23,4,7) (S 25,8,11) (S 26,6,10) (S 27,2,5) (S 28,4,9) (S 29,3,8) (S 30,5,10) (D 0,1,1)
0 1 10 23 17 7 (D 0,1,1) (S 31,6,8) (S 32,5,9) (S 33,7,11) (S 34,3,11) (S 35,2,4) (D 0,1,1)
0 1 11 23 9 6 (D 0,1,1) (S 36,1,5) (S 37,6,11) (S 38,8,9) (S 39,2,7) (D 0,1,1)
0 1 12 13 6 5 (D 0,1,1) (S 40,2,3) (S 41,7,8) (S 42,1,4) (D 0,1,1)
