38026
13
8461900
84619
0 1 1 1541 1320 5 (D 0,1,1) (S 7,1,2) (S 9,2,3) (S 1,3,3) (D 0,1,1)
0 1 2 1425 1792 7 (D 0,1,1) (S 8,1,6) (S 17,6,11) (S 2,11,11) (S 47,11,12) (S 24,12,13) (D 0,1,1)
0 1 3 1498 1928 8 (D 0,1,1) (S 16,6,7) (S 18,7,8) (S 19,8,9) (S 21,9,14) (S 3,14,14) (S 28,14,15) (D 0,1,1)
0 1 4 1527 2799 7 (D 0,1,1) (S 20,9,10) (S 22,10,15) (S 4,15,15) (S 29,15,22) (S 5,22,22) (D 0,1,1)
0 1 5 1416 3934 8 (D 0,1,1) (S 25,12,16) (S 31,16,19) (S 35,19,24) (S 6,24,24) (S 48,12,7) (S 10,2,7) (D 0,1,1)
0 1 6 830 1548 5 (D 0,1,1) (S 11,3,4) (S 12,3,8) (S 13,4,5) (D 0,1,1)
0 1 7 1427 4630 6 (D 0,1,1) (S 14,4,9) (S 15,5,10) (S 46,8,13) (S 23,11,18) (D 0,1,1)
0 1 8 1256 3307 5 (D 0,1,1) (S 26,13,14) (S 27,13,17) (S 30,16,17) (D 0,1,1)
0 1 9 1149 2191 4 (D 0,1,1) (S 32,18,19) (S 33,18,23) (D 0,1,1)
0 1 10 1524 3432 5 (D 0,1,1) (S 34,19,20) (S 36,20,21) (S 37,20,27) (D 0,1,1)
0 1 11 1269 3481 5 (D 0,1,1) (S 38,21,28) (S 45,28,29) (S 39,22,29) (D 0,1,1)
0 1 12 1510 3553 6 (D 0,1,1) (S 40,23,24) (S 41,23,25) (S 42,24,26) (S 43,26,27) (D 0,1,1)
0 1 13 721 4111 5 (D 0,1,1) (S 44,27,28) (S 49,21,17) (S 50,26,25) (D 0,1,1)
