23739
25
15087000
15087
0 1 1 1399 1913 9 (D 0,1,1) (S 12,1,11) (S 24,11,18) (S 34,18,19) (S 35,19,20) (S 90,20,21) (S 91,21,22) (S 41,22,36) (D 0,1,1)
0 1 2 1278 1069 6 (D 0,1,1) (S 25,11,19) (S 36,19,31) (S 56,31,44) (S 80,44,45) (D 0,1,1)
0 1 3 1470 1706 8 (D 0,1,1) (S 27,12,19) (S 5,32,32) (S 57,32,33) (S 6,33,33) (S 59,33,34) (S 61,34,35) (D 0,1,1)
0 1 4 1081 913 6 (D 0,1,1) (S 11,1,10) (S 64,36,37) (S 67,37,38) (S 71,38,51) (D 0,1,1)
0 1 5 1204 755 4 (D 0,1,1) (S 23,10,17) (S 33,17,29) (D 0,1,1)
0 1 6 1376 1070 6 (D 0,1,1) (S 4,29,29) (S 53,29,42) (S 52,29,30) (S 54,30,31) (D 0,1,1)
0 1 7 1466 1613 6 (D 0,1,1) (S 13,2,3) (S 14,3,4) (S 16,4,5) (S 17,5,6) (D 0,1,1)
0 1 8 963 886 6 (D 0,1,1) (S 19,6,7) (S 86,7,8) (S 30,15,16) (S 47,26,27) (D 0,1,1)
0 1 9 1311 1036 8 (D 0,1,1) (S 38,20,33) (S 62,34,46) (S 81,46,47) (S 7,35,35) (S 63,35,36) (S 65,36,48) (D 0,1,1)
0 1 10 1310 1127 6 (D 0,1,1) (S 88,11,2) (S 40,22,23) (S 42,23,24) (S 45,24,38) (D 0,1,1)
0 1 11 1438 867 8 (D 0,1,1) (S 84,51,52) (S 85,52,53) (S 83,51,50) (S 10,50,50) (S 98,50,49) (S 97,49,50) (D 0,1,1)
0 1 12 1103 1027 7 (D 0,1,1) (S 2,17,17) (S 32,17,18) (S 39,21,34) (S 92,25,24) (S 70,38,50) (D 0,1,1)
0 1 13 1237 1112 7 (D 0,1,1) (S 21,9,16) (S 87,9,8) (S 94,40,26) (S 50,27,40) (S 76,40,53) (D 0,1,1)
0 1 14 1378 701 6 (D 0,1,1) (S 89,12,11) (S 60,33,45) (S 9,45,45) (S 95,46,45) (D 0,1,1)
0 1 15 1353 979 7 (D 0,1,1) (S 15,3,12) (S 26,12,13) (S 79,43,44) (S 96,47,48) (S 82,48,49) (D 0,1,1)
0 1 16 1108 223 5 (D 0,1,1) (S 55,30,43) (S 78,42,43) (S 58,44,32) (D 0,1,1)
0 1 17 1472 1388 6 (D 0,1,1) (S 93,35,22) (S 3,25,25) (S 20,7,25) (S 46,25,38) (D 0,1,1)
0 1 18 1415 1196 6 (D 0,1,1) (S 44,24,37) (S 68,37,49) (S 69,38,39) (S 72,39,40) (D 0,1,1)
0 1 19 1251 884 5 (D 0,1,1) (S 75,40,52) (S 8,39,39) (S 74,40,41) (D 0,1,1)
0 1 20 1442 881 6 (D 0,1,1) (S 18,5,14) (S 31,16,28) (S 51,28,41) (S 49,27,28) (D 0,1,1)
0 1 21 1077 279 4 (D 0,1,1) (S 28,13,20) (S 29,14,22) (D 0,1,1)
0 1 22 1309 529 5 (D 0,1,1) (S 73,39,51) (S 77,41,53) (S 48,26,39) (D 0,1,1)
0 1 23 1032 875 4 (D 0,1,1) (S 1,6,6) (S 37,20,32) (D 0,1,1)
0 1 24 1301 381 4 (D 0,1,1) (S 22,10,11) (S 66,36,49) (D 0,1,1)
0 1 25 683 329 3 (D 0,1,1) (S 43,23,36) (D 0,1,1)
