479
11
3239700
3239
0 1 1 26 41 8 (D 0,1,1) (S 25,2,1) (S 15,1,15) (S 24,2,12) (S 12,12,13) (S 10,13,14) (S 31,13,15) (D 0,1,1)
0 1 2 25 28 7 (D 0,1,1) (S 7,17,17) (S 30,16,17) (S 6,15,15) (S 34,15,17) (S 26,1,19) (D 0,1,1)
0 1 3 24 33 9 (D 0,1,1) (S 37,1,27) (S 36,25,26) (S 38,23,26) (S 11,21,22) (S 32,22,25) (S 17,21,25) (S 22,18,25) (D 0,1,1)
0 1 4 26 60 5 (D 0,1,1) (S 1,3,3) (S 13,3,8) (S 3,5,5) (D 0,1,1)
0 1 5 25 32 5 (D 0,1,1) (S 9,24,24) (S 23,23,24) (S 18,22,23) (D 0,1,1)
0 1 6 23 41 5 (D 0,1,1) (S 29,26,27) (S 27,18,21) (S 8,21,21) (D 0,1,1)
0 1 7 18 53 6 (D 0,1,1) (S 14,4,10) (S 16,10,11) (S 19,8,9) (S 21,6,8) (D 0,1,1)
0 1 8 27 40 4 (D 0,1,1) (S 4,6,6) (S 20,5,6) (D 0,1,1)
0 1 9 17 32 4 (D 0,1,1) (S 35,14,18) (S 33,20,21) (D 0,1,1)
0 1 10 20 73 4 (D 0,1,1) (S 5,14,14) (S 28,7,11) (D 0,1,1)
0 1 11 18 46 3 (D 0,1,1) (S 2,4,4) (D 0,1,1)
