581
8
871100
871
0 1 1 30 68 4 (D 0,1,1) (S 1,2,2) (S 8,2,8) (D 0,1,1)
0 1 2 26 62 6 (D 0,1,1) (S 9,2,6) (S 14,3,6) (S 22,6,10) (S 16,1,5) (D 0,1,1)
0 1 3 32 122 8 (D 0,1,1) (S 2,7,7) (S 3,9,9) (S 20,8,9) (S 11,11,13) (S 6,12,12) (S 21,6,12) (D 0,1,1)
0 1 4 25 26 4 (D 0,1,1) (S 19,1,3) (S 15,2,3) (D 0,1,1)
0 1 5 30 70 4 (D 0,1,1) (S 18,1,4) (S 7,4,5) (D 0,1,1)
0 1 6 33 58 5 (D 0,1,1) (S 10,5,10) (S 4,10,10) (S 12,4,10) (D 0,1,1)
0 1 7 20 101 4 (D 0,1,1) (S 17,8,12) (S 5,11,11) (D 0,1,1)
0 1 8 16 74 3 (D 0,1,1) (S 13,4,11) (D 0,1,1)
