24212
28
8447300
8447
0 1 1 1438 1284 7 (D 0,22,22) (S 40,22,21) (S 31,21,16) (S 20,10,16) (S 6,10,3) (S 5,3,4) (D 0,22,22)
0 1 2 1415 1400 8 (D 0,22,22) (S 43,22,30) (S 58,30,31) (S 55,30,29) (S 56,29,37) (S 57,29,38) (S 71,37,38) (D 0,22,22)
0 1 3 1502 1049 5 (D 0,22,22) (S 37,21,20) (S 35,20,19) (S 17,9,19) (D 0,22,22)
0 1 4 1405 809 6 (D 0,22,22) (S 32,21,17) (S 22,17,11) (S 18,10,11) (S 16,10,9) (D 0,22,22)
0 1 5 1453 1277 5 (D 0,22,22) (S 38,20,28) (S 51,28,27) (S 49,27,26) (D 0,22,22)
0 1 6 1398 1594 6 (D 0,22,22) (S 47,26,25) (S 48,25,33) (S 64,33,34) (S 66,34,35) (D 0,22,22)
0 1 7 1278 1245 5 (D 0,22,22) (S 42,22,23) (S 44,23,24) (S 27,14,24) (D 0,22,22)
0 1 8 1224 1164 6 (D 0,22,22) (S 29,15,20) (S 14,8,9) (S 4,9,2) (S 3,2,3) (D 0,22,22)
0 1 9 1435 1118 6 (D 0,22,22) (S 60,31,32) (S 61,31,40) (S 78,40,51) (S 91,51,52) (D 0,22,22)
0 1 10 1437 655 6 (D 0,22,22) (S 70,37,36) (S 68,35,36) (S 69,35,44) (S 84,44,47) (D 0,22,22)
0 1 11 1313 1079 5 (D 0,22,22) (S 59,30,39) (S 76,39,50) (S 89,50,49) (D 0,22,22)
0 1 12 1304 308 5 (D 0,22,22) (S 41,21,29) (S 53,28,29) (S 74,38,49) (D 0,22,22)
0 1 13 1160 1035 5 (D 0,22,22) (S 24,22,12) (S 10,5,12) (S 7,4,5) (D 0,22,22)
0 1 14 1342 827 6 (D 0,22,22) (S 88,48,49) (S 87,48,47) (S 86,47,46) (S 83,43,46) (D 0,22,22)
0 1 15 1512 711 6 (D 0,22,22) (S 77,40,41) (S 63,32,41) (S 46,24,32) (S 45,23,31) (D 0,22,22)
0 1 16 1273 408 5 (D 0,22,22) (S 39,20,29) (S 67,34,43) (S 80,42,43) (D 0,22,22)
0 1 17 1349 1101 5 (D 0,22,22) (S 30,16,17) (S 28,15,16) (S 19,10,15) (D 0,22,22)
0 1 18 1455 1162 5 (D 0,22,22) (S 26,23,13) (S 12,13,6) (S 11,6,7) (D 0,22,22)
0 1 19 1515 1379 5 (D 0,22,22) (S 23,12,13) (S 21,11,12) (S 25,13,14) (D 0,22,22)
0 1 20 1280 457 5 (D 0,22,22) (S 13,7,14) (S 8,4,11) (S 33,18,19) (D 0,22,22)
0 1 21 1565 439 5 (D 0,22,22) (S 90,50,51) (S 72,37,48) (S 54,37,28) (D 0,22,22)
0 1 22 1525 1022 5 (D 0,22,22) (S 36,19,26) (S 15,8,18) (S 34,18,25) (D 0,22,22)
0 1 23 1563 362 5 (D 0,22,22) (S 75,39,40) (S 62,32,40) (S 79,41,52) (D 0,22,22)
0 1 24 1494 449 5 (D 0,22,22) (S 52,27,36) (S 65,33,42) (S 82,43,44) (D 0,22,22)
0 1 25 1233 510 4 (D 0,22,22) (S 9,5,6) (S 1,2,1) (D 0,22,22)
0 1 26 1174 563 4 (D 0,22,22) (S 2,1,8) (S 81,42,45) (D 0,22,22)
0 1 27 1338 357 4 (D 0,22,22) (S 73,38,39) (S 50,26,35) (D 0,22,22)
0 1 28 708 448 3 (D 0,22,22) (S 85,45,46) (D 0,22,22)
