19383
31
12219300
12219
0 1 1 125 466 7 (D 0,1,1) (S 31,1,2) (S 32,2,3) (S 33,2,4) (S 34,4,5) (S 36,5,7) (D 0,1,1)
0 1 2 121 447 7 (D 0,1,1) (S 35,5,6) (S 37,7,8) (S 3,8,8) (S 38,8,9) (S 24,9,9) (D 0,1,1)
0 1 3 125 309 5 (D 0,1,1) (S 112,4,69) (S 111,59,69) (S 17,59,59) (D 0,1,1)
0 1 4 98 407 6 (D 0,1,1) (S 100,58,59) (S 126,44,59) (S 25,44,44) (S 81,44,45) (D 0,1,1)
0 1 5 130 551 8 (D 0,1,1) (S 110,58,69) (S 83,44,46) (S 30,46,46) (S 82,45,46) (S 84,46,47) (S 87,47,49) (D 0,1,1)
0 1 6 125 600 8 (D 0,1,1) (S 39,9,10) (S 40,10,11) (S 41,11,12) (S 121,12,76) (S 10,76,76) (S 122,20,76) (D 0,1,1)
0 1 7 117 582 12 (D 0,1,1) (S 11,45,45) (S 88,49,50) (S 90,50,52) (S 92,52,53) (S 23,53,53) (S 91,51,53) (S 27,51,51) (S 125,21,51) (S 89,49,51) (S 93,52,54) (D 0,1,1)
0 1 8 120 619 8 (D 0,1,1) (S 85,47,48) (S 19,48,48) (S 53,21,22) (S 4,22,22) (S 55,22,24) (S 22,24,24) (D 0,1,1)
0 1 9 118 683 8 (D 0,1,1) (S 20,12,12) (S 42,12,16) (S 21,16,16) (S 43,13,16) (S 44,13,14) (S 45,14,15) (D 0,1,1)
0 1 10 89 521 5 (D 0,1,1) (S 102,58,60) (S 127,60,67) (S 7,67,67) (D 0,1,1)
0 1 11 129 662 10 (D 0,1,1) (S 18,57,57) (S 98,42,57) (S 79,42,43) (S 29,43,43) (S 1,41,41) (S 77,40,41) (S 9,40,40) (S 74,39,40) (D 0,1,1)
0 1 12 124 630 7 (D 0,1,1) (S 104,60,62) (S 6,62,62) (S 108,62,66) (S 105,62,63) (S 106,63,64) (D 0,1,1)
0 1 13 102 550 5 (D 0,1,1) (S 26,50,50) (S 8,54,54) (S 94,24,53) (D 0,1,1)
0 1 14 126 640 8 (D 0,1,1) (S 14,56,56) (S 96,55,56) (S 97,42,56) (S 78,41,42) (S 75,35,39) (S 73,37,39) (D 0,1,1)
0 1 15 126 564 7 (D 0,1,1) (S 51,18,20) (S 50,19,20) (S 124,76,77) (S 12,77,77) (S 46,13,77) (D 0,1,1)
0 1 16 120 800 7 (D 0,1,1) (S 128,62,67) (S 119,56,67) (S 76,35,41) (S 72,37,38) (S 67,32,33) (D 0,1,1)
0 1 17 116 600 8 (D 0,1,1) (S 95,19,50) (S 54,22,75) (S 57,25,75) (S 120,23,75) (S 59,23,26) (S 58,25,26) (D 0,1,1)
0 1 18 118 672 6 (D 0,1,1) (S 123,15,77) (S 13,13,13) (S 47,15,17) (S 48,15,18) (D 0,1,1)
0 1 19 116 460 4 (D 0,1,1) (S 101,11,59) (S 52,19,21) (D 0,1,1)
0 1 20 110 692 5 (D 0,1,1) (S 107,63,65) (S 2,65,65) (S 109,66,68) (D 0,1,1)
0 1 21 86 671 4 (D 0,1,1) (S 103,60,61) (S 16,68,68) (D 0,1,1)
0 1 22 78 312 3 (D 0,1,1) (S 99,57,58) (D 0,1,1)
0 1 23 123 626 5 (D 0,1,1) (S 80,43,44) (S 56,24,25) (S 61,26,28) (D 0,1,1)
0 1 24 119 770 7 (D 0,1,1) (S 15,28,28) (S 62,28,29) (S 63,25,29) (S 60,26,27) (S 65,23,31) (D 0,1,1)
0 1 25 41 512 3 (D 0,1,1) (S 49,18,19) (D 0,1,1)
0 1 26 115 1041 5 (D 0,1,1) (S 64,30,31) (S 66,31,32) (S 68,32,34) (D 0,1,1)
0 1 27 108 714 6 (D 0,1,1) (S 118,18,72) (S 114,71,72) (S 116,72,73) (S 115,71,73) (D 0,1,1)
0 1 28 110 890 4 (D 0,1,1) (S 86,11,48) (S 5,34,34) (D 0,1,1)
0 1 29 121 1024 5 (D 0,1,1) (S 117,73,74) (S 28,70,70) (S 113,70,71) (D 0,1,1)
0 1 30 102 806 4 (D 0,1,1) (S 71,33,37) (S 70,33,36) (D 0,1,1)
0 1 31 86 562 3 (D 0,1,1) (S 69,32,35) (D 0,1,1)
