541
12
2825100
2825
0 1 1 21 31 7 (D 0,1,1) (S 38,2,1) (S 26,2,12) (S 22,12,13) (S 19,13,14) (S 24,13,15) (D 0,1,1)
0 1 2 23 54 6 (D 0,1,1) (S 9,17,17) (S 33,16,17) (S 8,15,15) (S 18,15,20) (D 0,1,1)
0 1 3 26 53 8 (D 0,1,1) (S 11,19,19) (S 16,27,27) (S 20,27,26) (S 39,25,26) (S 14,23,23) (S 13,22,22) (D 0,1,1)
0 1 4 23 53 7 (D 0,1,1) (S 28,21,22) (S 23,22,23) (S 17,21,23) (S 12,21,21) (S 25,14,20) (D 0,1,1)
0 1 5 11 33 4 (D 0,1,1) (S 36,1,3) (S 41,3,6) (D 0,1,1)
0 1 6 25 55 7 (D 0,1,1) (S 1,3,3) (S 40,6,7) (S 3,5,5) (S 2,4,4) (S 29,3,4) (D 0,1,1)
0 1 7 26 49 5 (D 0,1,1) (S 15,24,24) (S 31,23,24) (S 10,18,18) (D 0,1,1)
0 1 8 9 31 4 (D 0,1,1) (S 6,10,10) (S 34,4,10) (D 0,1,1)
0 1 9 26 56 4 (D 0,1,1) (S 5,8,8) (S 4,6,6) (D 0,1,1)
0 1 10 26 58 5 (D 0,1,1) (S 7,14,14) (S 21,14,18) (S 37,18,21) (D 0,1,1)
0 1 11 25 36 5 (D 0,1,1) (S 30,5,6) (S 32,4,6) (S 27,7,11) (D 0,1,1)
0 1 12 8 32 3 (D 0,1,1) (S 35,20,21) (D 0,1,1)
