178
11
4503600
4503
0 1 1 20 28 8 (D 0,1,1) (S 4,5,5) (S 5,6,6) (S 11,6,10) (S 10,1,7) (S 6,7,7) (S 20,2,7) (D 0,1,1)
0 1 2 9 12 4 (D 0,1,1) (S 8,9,9) (S 17,6,9) (D 0,1,1)
0 1 3 4 8 3 (D 0,1,1) (S 26,1,4) (D 0,1,1)
0 1 4 26 29 4 (D 0,1,1) (S 3,4,4) (S 19,3,4) (D 0,1,1)
0 1 5 23 23 7 (D 0,1,1) (S 7,8,8) (S 21,5,8) (S 15,3,5) (S 2,3,3) (S 23,2,3) (D 0,1,1)
0 1 6 26 21 7 (D 0,1,1) (S 33,3,10) (S 9,10,10) (S 28,7,10) (S 13,3,7) (S 12,1,11) (D 0,1,1)
0 1 7 23 8 6 (D 0,1,1) (S 22,8,9) (S 32,7,9) (S 25,3,9) (S 14,4,11) (D 0,1,1)
0 1 8 21 13 5 (D 0,1,1) (S 29,6,8) (S 27,4,5) (S 18,5,7) (D 0,1,1)
0 1 9 23 7 5 (D 0,1,1) (S 30,5,10) (S 16,9,10) (S 24,5,11) (D 0,1,1)
0 1 10 9 4 3 (D 0,1,1) (S 31,3,11) (D 0,1,1)
0 1 11 21 25 3 (D 0,1,1) (S 1,2,2) (D 0,1,1)
