550
8
568600
568
0 1 1 35 39 6 (D 0,1,1) (S 7,1,3) (S 2,3,3) (S 11,2,3) (S 12,1,2) (D 0,1,1)
0 1 2 26 99 8 (D 0,1,1) (S 20,2,8) (S 9,8,12) (S 13,8,9) (S 5,9,9) (S 15,7,9) (S 21,11,13) (D 0,1,1)
0 1 3 30 50 4 (D 0,1,1) (S 19,1,4) (S 3,4,4) (D 0,1,1)
0 1 4 24 74 4 (D 0,1,1) (S 8,4,11) (S 17,4,10) (D 0,1,1)
0 1 5 28 84 4 (D 0,1,1) (S 1,2,2) (S 16,6,12) (D 0,1,1)
0 1 6 26 56 4 (D 0,1,1) (S 4,5,5) (S 18,6,10) (D 0,1,1)
0 1 7 29 74 4 (D 0,1,1) (S 6,12,12) (S 10,11,12) (D 0,1,1)
0 1 8 14 74 3 (D 0,1,1) (S 14,10,11) (D 0,1,1)
