383
11
2439300
2439
0 1 1 26 22 9 (D 0,1,1) (S 19,1,19) (S 29,4,19) (S 40,12,19) (S 20,4,12) (S 11,12,2) (S 1,2,2) (S 2,4,4) (D 0,1,1)
0 1 2 25 42 9 (D 0,1,1) (S 31,1,24) (S 4,8,8) (S 45,6,8) (S 26,1,27) (S 9,26,26) (S 46,25,26) (S 25,21,22) (D 0,1,1)
0 1 3 25 55 8 (D 0,1,1) (S 10,1,3) (S 43,12,13) (S 14,13,14) (S 47,13,15) (S 15,15,20) (S 30,1,15) (D 0,1,1)
0 1 4 24 35 7 (D 0,1,1) (S 17,3,4) (S 5,10,10) (S 3,6,6) (S 36,3,6) (S 21,5,9) (D 0,1,1)
0 1 5 24 51 6 (D 0,1,1) (S 42,1,17) (S 27,15,17) (S 7,16,16) (S 6,14,14) (D 0,1,1)
0 1 6 23 18 5 (D 0,1,1) (S 33,4,5) (S 37,8,9) (S 39,6,9) (D 0,1,1)
0 1 7 26 21 5 (D 0,1,1) (S 12,3,8) (S 22,4,6) (S 28,5,6) (D 0,1,1)
0 1 8 27 40 6 (D 0,1,1) (S 13,14,20) (S 44,14,18) (S 34,18,21) (S 18,21,25) (D 0,1,1)
0 1 9 26 29 6 (D 0,1,1) (S 23,24,27) (S 38,22,25) (S 41,18,25) (S 35,22,23) (D 0,1,1)
0 1 10 25 50 5 (D 0,1,1) (S 8,23,23) (S 16,21,23) (S 32,20,21) (D 0,1,1)
0 1 11 7 20 3 (D 0,1,1) (S 24,7,11) (D 0,1,1)
