578
8
620100
620
0 1 1 25 40 5 (D 0,1,1) (S 20,2,6) (S 4,6,6) (S 17,3,6) (D 0,1,1)
0 1 2 26 54 4 (D 0,1,1) (S 5,7,7) (S 1,2,2) (D 0,1,1)
0 1 3 35 103 7 (D 0,1,1) (S 12,2,3) (S 15,2,8) (S 6,8,8) (S 19,8,9) (S 7,9,9) (D 0,1,1)
0 1 4 24 76 5 (D 0,1,1) (S 2,3,3) (S 21,1,5) (S 11,5,10) (D 0,1,1)
0 1 5 22 58 4 (D 0,1,1) (S 8,10,10) (S 16,4,10) (D 0,1,1)
0 1 6 34 107 6 (D 0,1,1) (S 14,4,5) (S 13,11,13) (S 10,12,12) (S 18,6,12) (D 0,1,1)
0 1 7 31 51 3 (D 0,1,1) (S 3,4,4) (D 0,1,1)
0 1 8 15 89 3 (D 0,1,1) (S 9,11,11) (D 0,1,1)
