566
9
591900
591
0 1 1 22 39 5 (D 0,1,1) (S 16,1,3) (S 2,3,3) (S 17,1,2) (D 0,1,1)
0 1 2 20 30 3 (D 0,1,1) (S 1,2,2) (D 0,1,1)
0 1 3 24 44 4 (D 0,1,1) (S 7,2,7) (S 19,2,6) (D 0,1,1)
0 1 4 15 35 3 (D 0,1,1) (S 13,1,4) (D 0,1,1)
0 1 5 23 82 5 (D 0,1,1) (S 9,6,10) (S 11,6,12) (S 12,8,12) (D 0,1,1)
0 1 6 26 86 4 (D 0,1,1) (S 4,5,5) (S 14,10,11) (D 0,1,1)
0 1 7 23 43 3 (D 0,1,1) (S 3,4,4) (D 0,1,1)
0 1 8 32 109 5 (D 0,1,1) (S 6,11,11) (S 8,11,13) (S 10,4,11) (D 0,1,1)
0 1 9 27 98 6 (D 0,1,1) (S 20,8,9) (S 5,9,9) (S 15,7,9) (S 18,12,13) (D 0,1,1)
