401
8
640100
640
0 1 1 28 50 7 (D 0,1,1) (S 8,1,6) (S 6,7,7) (S 7,7,9) (S 9,5,7) (S 20,3,7) (D 0,1,1)
0 1 2 37 54 5 (D 0,1,1) (S 13,4,2) (S 1,2,2) (S 10,2,5) (D 0,1,1)
0 1 3 40 18 6 (D 0,1,1) (S 23,4,1) (S 16,7,10) (S 19,9,10) (S 18,8,10) (D 0,1,1)
0 1 4 39 60 6 (D 0,1,1) (S 12,1,9) (S 11,5,9) (S 14,8,9) (S 5,6,6) (D 0,1,1)
0 1 5 37 67 6 (D 0,1,1) (S 24,3,6) (S 2,3,3) (S 21,2,3) (S 22,3,8) (D 0,1,1)
0 1 6 22 34 3 (D 0,1,1) (S 3,4,4) (D 0,1,1)
0 1 7 30 66 4 (D 0,1,1) (S 4,5,5) (S 17,7,8) (D 0,1,1)
0 1 8 12 52 3 (D 0,1,1) (S 15,1,8) (D 0,1,1)
