246
13
1512400
1512
0 1 1 14 10 6 (D 0,1,1) (S 9,11,11) (S 10,3,11) (S 27,6,11) (S 21,7,11) (D 0,1,1)
0 1 2 24 26 6 (D 0,1,1) (S 17,1,2) (S 5,6,6) (S 29,3,6) (S 36,4,6) (D 0,1,1)
0 1 3 25 25 6 (D 0,1,1) (S 34,1,9) (S 8,9,9) (S 38,4,9) (S 33,6,9) (D 0,1,1)
0 1 4 27 30 8 (D 0,1,1) (S 25,1,10) (S 39,7,10) (S 30,5,10) (S 2,3,3) (S 37,1,3) (S 4,5,5) (D 0,1,1)
0 1 5 24 23 5 (D 0,1,1) (S 11,1,8) (S 7,8,8) (S 19,5,8) (D 0,1,1)
0 1 6 24 13 7 (D 0,1,1) (S 23,1,5) (S 31,4,5) (S 16,5,6) (S 13,2,5) (S 22,3,7) (D 0,1,1)
0 1 7 17 16 5 (D 0,1,1) (S 28,10,11) (S 26,3,8) (S 15,8,10) (D 0,1,1)
0 1 8 25 27 3 (D 0,1,1) (S 3,4,4) (D 0,1,1)
0 1 9 6 2 3 (D 0,1,1) (S 18,3,4) (D 0,1,1)
0 1 10 26 19 5 (D 0,1,1) (S 32,5,9) (S 6,7,7) (S 20,6,7) (D 0,1,1)
0 1 11 24 26 3 (D 0,1,1) (S 1,2,2) (D 0,1,1)
0 1 12 22 17 5 (D 0,1,1) (S 12,2,3) (S 24,1,6) (S 14,4,10) (D 0,1,1)
0 1 13 8 12 3 (D 0,1,1) (S 35,1,7) (D 0,1,1)
