594
8
635300
635
0 1 1 23 46 5 (D 0,1,1) (S 18,1,3) (S 2,3,3) (S 10,2,6) (D 0,1,1)
0 1 2 22 58 4 (D 0,1,1) (S 6,10,10) (S 11,4,10) (D 0,1,1)
0 1 3 30 108 7 (D 0,1,1) (S 13,2,7) (S 19,7,9) (S 5,9,9) (S 16,8,9) (S 9,11,13) (D 0,1,1)
0 1 4 26 56 4 (D 0,1,1) (S 4,5,5) (S 14,6,10) (D 0,1,1)
0 1 5 31 87 4 (D 0,1,1) (S 1,2,2) (S 15,6,12) (D 0,1,1)
0 1 6 34 115 5 (D 0,1,1) (S 8,12,12) (S 12,8,12) (S 7,11,11) (D 0,1,1)
0 1 7 30 50 3 (D 0,1,1) (S 3,4,4) (D 0,1,1)
0 1 8 16 74 3 (D 0,1,1) (S 17,4,11) (D 0,1,1)
