382
8
623400
623
0 1 1 39 47 4 (D 0,1,1) (S 12,1,7) (S 6,7,7) (D 0,1,1)
0 1 2 30 27 7 (D 0,1,1) (S 16,5,7) (S 21,3,7) (S 20,6,7) (S 5,6,6) (S 18,3,6) (D 0,1,1)
0 1 3 41 47 6 (D 0,1,1) (S 3,4,4) (S 9,4,2) (S 19,4,5) (S 4,5,5) (D 0,1,1)
0 1 4 25 26 4 (D 0,1,1) (S 10,1,5) (S 11,2,1) (D 0,1,1)
0 1 5 36 57 6 (D 0,1,1) (S 2,3,3) (S 14,4,3) (S 8,9,9) (S 17,5,9) (D 0,1,1)
0 1 6 31 73 4 (D 0,1,1) (S 1,2,2) (S 15,2,8) (D 0,1,1)
0 1 7 16 38 3 (D 0,1,1) (S 13,1,9) (D 0,1,1)
0 1 8 27 67 3 (D 0,1,1) (S 7,8,8) (D 0,1,1)
