176
8
887400
887
0 1 1 6 8 3 (D 0,1,1) (S 12,1,2) (D 0,1,1)
0 1 2 26 36 4 (D 0,1,1) (S 1,2,2) (S 11,2,9) (D 0,1,1)
0 1 3 15 17 7 (D 0,1,1) (S 8,1,3) (S 18,1,10) (S 15,3,10) (S 14,8,10) (S 5,8,8) (D 0,1,1)
0 1 4 23 33 6 (D 0,1,1) (S 17,1,7) (S 4,7,7) (S 9,5,7) (S 16,1,5) (D 0,1,1)
0 1 5 26 29 7 (D 0,1,1) (S 3,6,6) (S 24,3,6) (S 10,6,9) (S 7,11,11) (S 19,3,11) (D 0,1,1)
0 1 6 27 14 6 (D 0,1,1) (S 22,6,7) (S 20,2,5) (S 13,3,5) (S 23,6,10) (D 0,1,1)
0 1 7 21 23 4 (D 0,1,1) (S 6,9,9) (S 21,4,9) (D 0,1,1)
0 1 8 10 16 3 (D 0,1,1) (S 2,4,4) (D 0,1,1)
