75238
29
66016700
660167
0 1 1 1456 2123 7 (D 0,1,1) (S 5,1,2) (S 100,10,11) (S 12,11,4) (S 13,4,12) (S 1,12,12) (D 0,1,1)
0 1 2 1169 1380 7 (D 0,1,1) (S 6,1,16) (S 2,16,16) (S 33,16,25) (S 3,25,25) (S 22,10,20) (D 0,1,1)
0 1 3 1265 2439 6 (D 0,1,1) (S 38,20,21) (S 40,21,30) (S 4,30,30) (S 7,2,3) (D 0,1,1)
0 1 4 1395 1209 5 (D 0,1,1) (S 8,2,9) (S 9,3,4) (S 10,3,10) (D 0,1,1)
0 1 5 1611 2291 5 (D 0,1,1) (S 11,4,5) (S 14,5,6) (S 15,5,12) (D 0,1,1)
0 1 6 1608 3788 8 (D 0,1,1) (S 16,6,13) (S 17,7,8) (S 18,8,15) (S 99,7,14) (S 29,14,23) (S 41,23,22) (D 0,1,1)
0 1 7 1279 2180 5 (D 0,1,1) (S 19,9,10) (S 20,9,18) (S 21,10,19) (D 0,1,1)
0 1 8 1411 2285 5 (D 0,1,1) (S 23,11,20) (S 24,12,21) (S 25,12,22) (D 0,1,1)
0 1 9 1536 3364 5 (D 0,1,1) (S 26,13,14) (S 27,13,22) (S 28,14,15) (D 0,1,1)
0 1 10 1396 2217 6 (D 0,1,1) (S 57,30,31) (S 46,32,24) (S 30,14,24) (S 31,15,24) (D 0,1,1)
0 1 11 1326 1659 6 (D 0,1,1) (S 32,16,17) (S 34,17,18) (S 35,17,26) (S 36,18,19) (D 0,1,1)
0 1 12 1410 1883 6 (D 0,1,1) (S 37,19,28) (S 102,19,20) (S 39,20,29) (S 42,22,31) (D 0,1,1)
0 1 13 1034 2508 4 (D 0,1,1) (S 43,22,32) (S 44,23,24) (D 0,1,1)
0 1 14 1385 4445 6 (D 0,1,1) (S 45,23,32) (S 60,32,33) (S 47,24,33) (S 48,25,26) (D 0,1,1)
0 1 15 1517 1045 5 (D 0,1,1) (S 49,25,34) (S 50,26,35) (S 104,26,27) (D 0,1,1)
0 1 16 1505 1778 7 (D 0,1,1) (S 51,27,28) (S 52,27,36) (S 53,28,29) (S 54,28,37) (S 55,29,30) (D 0,1,1)
0 1 17 1153 1967 5 (D 0,1,1) (S 56,29,38) (S 58,30,39) (S 59,31,40) (D 0,1,1)
0 1 18 1167 1746 4 (D 0,1,1) (S 61,32,40) (S 62,32,41) (D 0,1,1)
0 1 19 1265 4086 5 (D 0,1,1) (S 63,32,42) (S 64,33,42) (S 68,37,36) (D 0,1,1)
0 1 20 1641 2534 6 (D 0,1,1) (S 65,34,35) (S 66,35,36) (S 67,35,44) (S 69,36,45) (D 0,1,1)
0 1 21 1502 1859 5 (D 0,1,1) (S 70,37,46) (S 107,37,38) (S 71,38,39) (D 0,1,1)
0 1 22 1593 2882 6 (D 0,1,1) (S 72,38,46) (S 73,38,47) (S 74,39,40) (S 75,40,41) (D 0,1,1)
0 1 23 1462 3868 7 (D 0,1,1) (S 76,40,48) (S 77,41,42) (S 78,42,49) (S 92,49,56) (S 98,56,55) (D 0,1,1)
0 1 24 1357 1586 6 (D 0,1,1) (S 106,34,43) (S 79,43,44) (S 80,43,50) (S 81,44,45) (D 0,1,1)
0 1 25 1633 2582 5 (D 0,1,1) (S 82,44,51) (S 83,45,46) (S 84,45,52) (D 0,1,1)
0 1 26 1641 3407 5 (D 0,1,1) (S 85,46,47) (S 86,46,52) (S 87,46,53) (D 0,1,1)
0 1 27 1486 3018 7 (D 0,1,1) (S 88,47,48) (S 89,47,54) (S 90,48,49) (S 91,48,55) (S 97,55,54) (D 0,1,1)
0 1 28 1492 5574 7 (D 0,1,1) (S 93,50,51) (S 94,51,52) (S 95,52,53) (S 96,53,54) (S 101,14,6) (D 0,1,1)
0 1 29 507 3535 4 (D 0,1,1) (S 103,22,21) (S 105,27,18) (D 0,1,1)
