318
8
621700
6217
0 1 1 16 16 3 (D 0,1,1) (S 2,3,3) (D 0,1,1)
0 1 2 26 22 3 (D 0,1,1) (S 1,2,2) (D 0,1,1)
0 1 3 22 12 3 (D 0,1,1) (S 3,4,4) (D 0,1,1)
0 1 4 32 36 4 (D 0,1,1) (S 4,5,5) (S 5,6,6) (D 0,1,1)
0 1 5 35 30 8 (D 0,1,1) (S 6,7,7) (S 7,7,9) (S 8,1,6) (S 9,5,7) (S 10,2,5) (S 11,5,9) (D 0,1,1)
0 1 6 39 54 6 (D 0,1,1) (S 12,1,9) (S 13,4,2) (S 14,8,9) (S 15,1,8) (D 0,1,1)
0 1 7 41 86 7 (D 0,1,1) (S 16,7,10) (S 17,7,8) (S 18,8,10) (S 19,9,10) (S 20,3,7) (D 0,1,1)
0 1 8 34 62 6 (D 0,1,1) (S 21,2,3) (S 22,3,8) (S 23,4,1) (S 24,3,6) (D 0,1,1)
