455
7
609100
6091
0 1 1 27 22 4 (D 0,1,1) (S 1,2,2) (S 2,4,4) (D 0,1,1)
0 1 2 33 47 6 (D 0,1,1) (S 21,1,5) (S 3,5,5) (S 11,1,7) (S 4,7,7) (D 0,1,1)
0 1 3 35 88 4 (D 0,1,1) (S 5,8,8) (S 6,9,9) (D 0,1,1)
0 1 4 41 92 7 (D 0,1,1) (S 7,8,10) (S 8,3,8) (S 9,6,7) (S 10,4,1) (S 12,7,8) (D 0,1,1)
0 1 5 36 58 6 (D 0,1,1) (S 13,3,7) (S 14,4,2) (S 20,2,3) (S 15,3,1) (D 0,1,1)
0 1 6 41 78 6 (D 0,1,1) (S 16,7,10) (S 17,2,8) (S 18,5,6) (S 19,9,10) (D 0,1,1)
0 1 7 32 70 7 (D 0,1,1) (S 25,3,6) (S 22,6,9) (S 23,4,5) (S 24,1,6) (S 26,5,7) (D 0,1,1)
