16375
7
7034600
70346
0 1 1 1642 1155 8 (D 0,1,1) (S 19,3,4) (S 1,4,4) (S 21,4,5) (S 2,5,5) (S 12,15,14) (S 3,7,7) (D 0,1,1)
0 1 2 1911 1333 9 (D 0,1,1) (S 8,2,7) (S 27,11,10) (S 4,10,10) (S 26,10,16) (S 5,16,16) (S 29,12,13) (S 14,17,18) (D 0,1,1)
0 1 3 1724 1394 9 (D 0,1,1) (S 9,3,9) (S 24,9,14) (S 31,14,18) (S 6,18,18) (S 7,19,19) (S 38,19,18) (S 36,18,14) (D 0,1,1)
0 1 4 1794 1928 8 (D 0,1,1) (S 10,6,12) (S 11,9,15) (S 30,12,22) (S 40,22,16) (S 13,16,21) (S 15,20,21) (D 0,1,1)
0 1 5 1806 2201 8 (D 0,1,1) (S 16,21,22) (S 17,22,23) (S 18,2,6) (S 20,4,3) (S 22,4,9) (S 23,7,6) (D 0,1,1)
0 1 6 1907 6627 10 (D 0,1,1) (S 25,10,1) (S 28,11,16) (S 32,15,5) (S 33,16,10) (S 34,16,11) (S 35,17,13) (S 37,19,15) (S 39,20,10) (D 0,1,1)
0 1 7 532 1737 4 (D 0,1,1) (S 41,23,17) (S 42,25,24) (D 0,1,1)
