111
9
973000
9730
0 1 1 16 6 4 (D 0,1,1) (S 37,1,9) (S 3,4,4) (D 0,1,1)
0 1 2 19 8 5 (D 0,1,1) (S 1,2,2) (S 7,2,7) (S 6,7,7) (D 0,1,1)
0 1 3 26 9 5 (D 0,1,1) (S 24,1,3) (S 2,3,3) (S 4,5,5) (D 0,1,1)
0 1 4 27 14 6 (D 0,1,1) (S 5,6,6) (S 8,1,4) (S 9,9,10) (S 10,1,2) (D 0,1,1)
0 1 5 26 18 8 (D 0,1,1) (S 11,2,3) (S 12,4,8) (S 30,2,8) (S 13,6,8) (S 14,5,7) (S 22,5,8) (D 0,1,1)
0 1 6 27 20 7 (D 0,1,1) (S 15,4,10) (S 16,8,9) (S 17,3,11) (S 18,4,6) (S 19,4,9) (D 0,1,1)
0 1 7 26 11 8 (D 0,1,1) (S 29,1,7) (S 20,7,11) (S 21,3,4) (S 23,3,10) (S 25,1,8) (S 26,1,11) (D 0,1,1)
0 1 8 26 17 8 (D 0,1,1) (S 27,7,9) (S 34,1,5) (S 28,5,11) (S 31,1,10) (S 32,6,9) (S 33,9,11) (D 0,1,1)
0 1 9 12 8 5 (D 0,1,1) (S 35,2,9) (S 36,2,11) (S 38,4,7) (D 0,1,1)
