97511
29
41259200
412592
0 1 1 1418 751 5 (D 0,1,1) (S 1,1,2) (S 2,1,8) (S 3,2,3) (D 0,1,1)
0 1 2 1378 1346 6 (D 0,1,1) (S 4,2,9) (S 5,3,4) (S 6,3,10) (S 7,4,5) (D 0,1,1)
0 1 3 1403 2529 5 (D 0,1,1) (S 8,4,11) (S 9,5,6) (S 10,5,12) (D 0,1,1)
0 1 4 1201 3942 5 (D 0,1,1) (S 11,6,7) (S 12,6,13) (S 13,7,14) (D 0,1,1)
0 1 5 1282 1385 7 (D 0,1,1) (S 14,8,9) (S 15,8,18) (S 16,9,10) (S 17,9,19) (S 18,10,11) (D 0,1,1)
0 1 6 1526 2235 6 (D 0,1,1) (S 19,10,15) (S 20,10,16) (S 21,11,12) (S 22,11,17) (D 0,1,1)
0 1 7 1526 2774 5 (D 0,1,1) (S 23,12,13) (S 24,12,22) (S 25,13,14) (D 0,1,1)
0 1 8 1374 6058 5 (D 0,1,1) (S 26,13,23) (S 27,14,24) (S 28,15,16) (D 0,1,1)
0 1 9 1366 3647 6 (D 0,1,1) (S 29,15,20) (S 30,16,17) (S 31,16,21) (S 32,17,21) (D 0,1,1)
0 1 10 1012 2185 4 (D 0,1,1) (S 33,18,19) (S 34,18,25) (D 0,1,1)
0 1 11 1211 2112 4 (D 0,1,1) (S 35,19,20) (S 36,19,26) (D 0,1,1)
0 1 12 1483 3256 5 (D 0,1,1) (S 37,20,21) (S 38,20,28) (S 39,20,29) (D 0,1,1)
0 1 13 1546 2559 5 (D 0,1,1) (S 40,21,22) (S 41,21,29) (S 42,22,23) (D 0,1,1)
0 1 14 1216 3804 5 (D 0,1,1) (S 43,22,30) (S 44,23,24) (S 45,23,31) (D 0,1,1)
0 1 15 1495 4732 7 (D 0,1,1) (S 55,29,30) (S 58,30,31) (S 60,31,32) (S 46,24,32) (S 53,29,28) (D 0,1,1)
0 1 16 1070 2534 5 (D 0,1,1) (S 47,25,26) (S 48,25,33) (S 49,26,27) (D 0,1,1)
0 1 17 1483 2821 5 (D 0,1,1) (S 50,26,35) (S 51,27,28) (S 52,27,36) (D 0,1,1)
0 1 18 1212 3518 6 (D 0,1,1) (S 56,29,37) (S 54,28,37) (S 71,37,38) (S 57,29,38) (D 0,1,1)
0 1 19 1105 3438 4 (D 0,1,1) (S 59,30,39) (S 61,31,40) (D 0,1,1)
0 1 20 1544 5310 6 (D 0,1,1) (S 62,32,40) (S 63,32,41) (S 70,37,36) (S 68,36,35) (D 0,1,1)
0 1 21 1451 2786 5 (D 0,1,1) (S 64,33,34) (S 65,33,42) (S 66,34,35) (D 0,1,1)
0 1 22 1159 4067 4 (D 0,1,1) (S 67,34,43) (S 69,35,44) (D 0,1,1)
0 1 23 1084 2848 4 (D 0,1,1) (S 72,37,48) (S 73,38,39) (D 0,1,1)
0 1 24 1441 4044 5 (D 0,1,1) (S 74,38,49) (S 75,39,40) (S 76,39,50) (D 0,1,1)
0 1 25 1313 5445 5 (D 0,1,1) (S 77,40,41) (S 78,40,51) (S 79,41,52) (D 0,1,1)
0 1 26 1451 3121 5 (D 0,1,1) (S 80,42,43) (S 81,42,45) (S 82,43,44) (D 0,1,1)
0 1 27 881 4328 5 (D 0,1,1) (S 83,43,46) (S 84,44,47) (S 86,47,46) (D 0,1,1)
0 1 28 1396 5512 5 (D 0,1,1) (S 85,45,46) (S 87,47,48) (S 88,48,49) (D 0,1,1)
0 1 29 1061 4424 5 (D 0,1,1) (S 89,49,50) (S 90,50,51) (S 91,51,52) (D 0,1,1)
