681
8
1032600
10326
0 1 1 30 35 5 (D 0,1,1) (S 17,1,2) (S 1,2,2) (S 2,3,3) (D 0,1,1)
0 1 2 15 0 3 (D 0,1,1) (S 13,1,4) (D 0,1,1)
0 1 3 35 61 4 (D 0,1,1) (S 3,4,4) (S 4,5,5) (D 0,1,1)
0 1 4 26 115 6 (D 0,1,1) (S 20,8,9) (S 5,9,9) (S 8,13,11) (S 6,11,11) (D 0,1,1)
0 1 5 24 41 4 (D 0,1,1) (S 7,2,7) (S 19,2,6) (D 0,1,1)
0 1 6 34 115 5 (D 0,1,1) (S 9,6,10) (S 10,4,11) (S 11,6,12) (D 0,1,1)
0 1 7 34 235 6 (D 0,1,1) (S 12,8,12) (S 14,10,11) (S 15,7,9) (S 16,1,3) (D 0,1,1)
0 1 8 14 79 3 (D 0,1,1) (S 18,12,13) (D 0,1,1)
