549
6
1071600
10716
0 1 1 5 90 7 (D 0,1,1) (S 20,1,4) (S 1,4,4) (S 2,3,3) (S 11,5,6) (S 7,7,7) (D 0,1,1)
0 1 2 5 97 7 (D 0,1,1) (S 22,1,10) (S 3,10,10) (S 17,10,9) (S 10,9,2) (S 4,2,2) (D 0,1,1)
0 1 3 5 56 7 (D 0,1,1) (S 23,1,12) (S 6,12,12) (S 27,12,6) (S 14,7,8) (S 16,8,11) (D 0,1,1)
0 1 4 5 166 7 (D 0,1,1) (S 5,11,11) (S 8,2,3) (S 9,2,4) (S 29,9,11) (S 12,5,11) (D 0,1,1)
0 1 5 5 63 7 (D 0,1,1) (S 13,5,12) (S 15,7,12) (S 28,8,10) (S 18,10,11) (S 19,1,2) (D 0,1,1)
0 1 6 4 77 6 (D 0,1,1) (S 21,1,7) (S 25,5,3) (S 24,3,4) (S 26,7,6) (D 0,1,1)
