150
7
777700
7777
0 1 1 25 6 5 (D 0,1,1) (S 6,8,8) (S 1,2,2) (S 2,3,3) (D 0,1,1)
0 1 2 24 35 6 (D 0,1,1) (S 3,4,4) (S 5,7,7) (S 9,7,5) (S 4,5,5) (D 0,1,1)
0 1 3 26 21 8 (D 0,1,1) (S 7,10,10) (S 8,2,4) (S 10,2,5) (S 11,1,9) (S 12,8,10) (S 14,2,9) (D 0,1,1)
0 1 4 24 30 5 (D 0,1,1) (S 13,9,10) (S 15,4,9) (S 16,3,5) (D 0,1,1)
0 1 5 24 24 8 (D 0,1,1) (S 17,1,11) (S 18,1,7) (S 19,6,10) (S 23,6,11) (S 20,7,9) (S 21,6,9) (D 0,1,1)
0 1 6 24 28 7 (D 0,1,1) (S 22,6,7) (S 24,7,8) (S 25,2,6) (S 26,1,6) (S 27,1,2) (D 0,1,1)
0 1 7 7 6 3 (D 0,1,1) (S 28,3,11) (D 0,1,1)
