1017
10
5206400
52064
0 1 1 33 36 7 (D 0,1,1) (S 19,1,2) (S 1,2,2) (S 3,4,4) (S 24,4,3) (S 2,3,3) (D 0,1,1)
0 1 2 38 76 7 (D 0,1,1) (S 4,5,5) (S 30,5,11) (S 22,11,15) (S 11,15,15) (S 12,16,16) (D 0,1,1)
0 1 3 40 119 9 (D 0,1,1) (S 23,17,18) (S 13,18,18) (S 10,14,14) (S 7,8,8) (S 6,7,7) (S 5,6,6) (S 33,14,13) (D 0,1,1)
0 1 4 37 114 8 (D 0,1,1) (S 31,1,3) (S 8,9,9) (S 28,9,3) (S 35,17,13) (S 9,12,12) (S 39,11,5) (D 0,1,1)
0 1 5 32 92 6 (D 0,1,1) (S 34,10,20) (S 14,20,20) (S 25,20,21) (S 15,21,21) (D 0,1,1)
0 1 6 33 69 5 (D 0,1,1) (S 20,19,22) (S 16,22,22) (S 17,23,23) (D 0,1,1)
0 1 7 29 138 6 (D 0,1,1) (S 41,15,21) (S 18,24,24) (S 21,9,10) (S 29,10,11) (D 0,1,1)
0 1 8 27 158 6 (D 0,1,1) (S 26,12,6) (S 27,21,15) (S 32,16,15) (S 36,16,12) (D 0,1,1)
0 1 9 34 167 7 (D 0,1,1) (S 37,19,20) (S 38,19,9) (S 40,24,21) (S 42,13,17) (S 43,3,1) (D 0,1,1)
0 1 10 7 48 3 (D 0,1,1) (S 44,11,10) (D 0,1,1)
