536
8
1002400
10024
0 1 1 30 17 4 (D 0,1,1) (S 17,1,2) (S 1,2,2) (D 0,1,1)
0 1 2 31 40 4 (D 0,1,1) (S 2,4,4) (S 3,5,5) (D 0,1,1)
0 1 3 32 69 5 (D 0,1,1) (S 15,2,6) (S 4,6,6) (S 5,8,8) (D 0,1,1)
0 1 4 28 142 6 (D 0,1,1) (S 6,9,9) (S 7,11,12) (S 11,11,13) (S 8,7,9) (D 0,1,1)
0 1 5 27 40 4 (D 0,1,1) (S 9,5,10) (S 10,4,11) (D 0,1,1)
0 1 6 28 98 5 (D 0,1,1) (S 12,1,3) (S 13,3,6) (S 14,2,3) (D 0,1,1)
0 1 7 28 110 4 (D 0,1,1) (S 16,12,13) (S 18,10,11) (D 0,1,1)
0 1 8 8 20 3 (D 0,1,1) (S 19,4,10) (D 0,1,1)
